0.999998 0.00150516 0.000894063 0.00612086 -0.00150706 0.999997 0.00212568 -0.00506358 -0.00089086 -0.00212702 0.999997 -0.00945425
0.999986 0.00527004 0.000471312 0.0195804 -0.00526866 0.999982 -0.00287964 -0.010461 -0.000486479 0.00287712 0.999996 0.00531894
0.999987 0.00506917 -0.000405896 0.0191855 -0.00506922 0.999987 -0.000102783 -0.0117542 0.00040537 0.00010484 1 0.00735075
0.999989 0.00475006 -9.2058e-05 0.0185535 -0.00475044 0.999978 -0.00472165 -0.0116412 6.96279e-05 0.00472203 0.999989 0.0106021
0.999986 0.00506071 -0.00153039 0.0150443 -0.00506272 0.999986 -0.00131534 -0.0153244 0.00152371 0.00132307 0.999998 0.0103168
0.999975 0.00710521 -8.91488e-05 0.0177356 -0.00710533 0.999974 -0.00146278 -0.0163138 7.87531e-05 0.00146338 0.999999 0.00829579
0.999988 0.00491879 -0.000484384 0.0163563 -0.00491905 0.999988 -0.000531721 -0.0148786 0.000481763 0.000534097 1 0.00965202
0.999979 0.00613683 -0.0018448 0.0181193 -0.00614004 0.99998 -0.00174205 -0.0157105 0.00183408 0.00175334 0.999997 0.0155586
0.999978 0.00661104 -0.00105905 0.0187326 -0.00661432 0.999973 -0.00312839 -0.0127109 0.00103834 0.00313532 0.999995 0.0139648
0.999974 0.00687715 -0.0020093 0.0157772 -0.00688101 0.999974 -0.00192432 -0.0168813 0.00199601 0.00193809 0.999996 0.0140927
0.999979 0.00645145 -0.00106916 0.0173104 -0.00645383 0.999977 -0.00223857 -0.0144436 0.0010547 0.00224542 0.999997 0.0120322
0.999972 0.00722903 -0.00174667 0.014038 -0.00723658 0.999964 -0.00435744 -0.0193164 0.00171511 0.00436996 0.999989 0.0128048
0.999985 0.00505755 -0.00197387 0.0111626 -0.00506189 0.999985 -0.0022036 -0.0175689 0.0019627 0.00221356 0.999996 0.0113836
0.999981 0.00459922 -0.00415038 0.00775825 -0.00460462 0.999989 -0.00129275 -0.0150545 0.00414438 0.00131183 0.999991 0.0285712
0.988032 0.099359 -0.117983 -0.013409 -0.106444 0.992778 -0.0553363 -0.0103251 0.111633 0.0672326 0.991473 0.0581482
0.980643 0.172823 -0.0920382 -0.0915501 -0.172612 0.984936 0.0103084 -0.00651144 0.0924333 0.00577813 0.995702 0.171523
0.979834 0.117419 -0.161672 -0.189693 -0.111724 0.992769 0.0439078 -0.00159252 0.165658 -0.0249597 0.985867 0.35547
0.982307 0.146801 -0.116285 -0.21805 -0.121386 0.971921 0.201579 -0.00262575 0.142612 -0.183897 0.972545 0.398356
0.944686 0.252259 -0.209605 -0.22679 -0.184051 0.936713 0.297816 0.0805883 0.271467 -0.242765 0.931328 0.445412
0.923387 0.309019 -0.227735 -0.227793 -0.230795 0.920978 0.313901 0.133863 0.306741 -0.237292 0.921739 0.510534
0.92326 0.351457 -0.155141 -0.216578 -0.281936 0.894167 0.347818 0.200819 0.260965 -0.277387 0.924637 0.475768
0.873813 0.47671 -0.0959074 -0.22163 -0.392194 0.807527 0.44055 0.252032 0.287462 -0.347344 0.892591 0.457186
0.745653 0.664089 0.0546614 -0.220991 -0.594353 0.625775 0.505123 0.321697 0.301241 -0.409135 0.861315 0.408618
0.658962 0.734708 0.161159 -0.250668 -0.6953 0.513258 0.503115 0.321589 0.286926 -0.443587 0.84906 0.406186
0.521143 0.77412 0.359371 -0.256906 -0.841354 0.395284 0.368612 0.310302 0.143297 -0.494457 0.857309 0.414226
0.401033 0.80577 0.435784 -0.203222 -0.915185 0.331577 0.229116 0.263075 0.0401193 -0.490706 0.870401 0.406341
0.284764 0.851426 0.440435 -0.138391 -0.957443 0.230076 0.174264 0.233479 0.0470396 -0.471315 0.880709 0.357396
0.118781 0.893638 0.432785 -0.108688 -0.991342 0.0821648 0.102424 0.216465 0.0559699 -0.441204 0.89566 0.315711
0.0119795 0.931922 0.36246 -0.109119 -0.999486 0.000385542 0.0320425 0.214039 0.0297213 -0.362657 0.931448 0.333589
-0.0713584 0.957859 0.278235 -0.121977 -0.996246 -0.0547378 -0.0670637 0.217127 -0.0490076 -0.281976 0.958169 0.390002
-0.0206621 0.964118 0.26467 -0.196798 -0.995621 0.00429957 -0.0933877 0.245018 -0.0911747 -0.265441 0.959806 0.500835
0.0226833 0.986597 0.161593 -0.225563 -0.995576 0.0370338 -0.0863562 0.291309 -0.0911831 -0.158919 0.983072 0.695862
0.0658473 0.997283 0.0330232 -0.191241 -0.994839 0.0681745 -0.0751544 0.298154 -0.0772015 -0.027904 0.996625 0.754416
0.0833993 0.996462 0.0103769 -0.174149 -0.993571 0.0839483 -0.0759578 0.279375 -0.0765602 -0.00397536 0.997057 0.682514
0.170445 0.983591 0.0591432 -0.139162 -0.981576 0.174743 -0.0772905 0.296378 -0.0863571 -0.0448797 0.995253 0.731022
0.125365 0.98718 0.0987936 -0.120997 -0.990242 0.130616 -0.048582 0.317217 -0.0608631 -0.0917391 0.993921 0.902382
0.0893579 0.995688 0.0249131 -0.11076 -0.99591 0.0889867 0.0156332 0.330308 0.0133489 -0.0262081 0.999567 1.00727
0.0388002 0.998743 0.0317326 -0.0348222 -0.988975 0.0429236 -0.141724 0.313397 -0.142908 -0.0258838 0.989397 1.05791
0.0915285 0.994852 0.043505 -0.0199017 -0.980568 0.0976549 -0.170146 0.358704 -0.173519 -0.0270864 0.984458 1.10687
0.14794 0.983106 0.107783 -0.00212084 -0.987045 0.153611 -0.0463237 0.40068 -0.0620977 -0.0995333 0.993095 1.15927
0.182371 0.965722 0.184722 -0.00477341 -0.979997 0.193758 -0.0454384 0.32901 -0.0796722 -0.17274 0.98174 1.1694
0.155912 0.947502 0.279161 0.0198923 -0.955824 0.216014 -0.199347 0.336468 -0.249184 -0.235748 0.939324 1.16265
0.132196 0.957042 0.25806 0.0338025 -0.950852 0.195983 -0.23973 0.378015 -0.280008 -0.213686 0.935914 1.15032
0.240246 0.946535 0.215299 0.0420977 -0.943658 0.279732 -0.176802 0.38014 -0.227575 -0.160693 0.96041 1.19551
0.423423 0.890884 0.164435 -0.00216418 -0.877107 0.448563 -0.171683 0.446729 -0.226709 -0.0715325 0.971332 1.25139
0.492867 0.868699 0.0494311 -0.0159962 -0.853781 0.493792 -0.165005 0.44932 -0.167748 0.0391222 0.985053 1.26681
0.494308 0.868539 0.0360507 -0.0251657 -0.847216 0.490629 -0.203736 0.466634 -0.19464 0.0701658 0.978362 1.27099
0.459846 0.885705 0.0637859 -0.0306491 -0.851443 0.460174 -0.251563 0.463544 -0.252164 0.0613702 0.965737 1.30401
0.403225 0.910114 0.0954059 -0.108424 -0.862722 0.41284 -0.292017 0.499152 -0.305156 0.0354397 0.951643 1.2842
0.42691 0.890342 0.158239 -0.139096 -0.844992 0.455084 -0.280869 0.485352 -0.322081 -0.0138047 0.946611 1.28963
0.329144 0.929132 0.168459 -0.14509 -0.880589 0.366429 -0.300489 0.50989 -0.340922 -0.0494391 0.938791 1.31292
0.152422 0.970777 0.185365 -0.115469 -0.908771 0.211387 -0.359793 0.546382 -0.388463 -0.113614 0.914434 1.31056
0.0582911 0.975956 0.210028 -0.104533 -0.869508 0.152998 -0.469626 0.586173 -0.490468 -0.155246 0.85752 1.29779
-0.0707271 0.960743 0.268274 -0.114273 -0.890768 0.0602067 -0.450452 0.598378 -0.448921 -0.270829 0.851541 1.29265
-0.165158 0.954314 0.249014 -0.105907 -0.865726 -0.0193216 -0.500145 0.581124 -0.472484 -0.29818 0.829366 1.31768
-0.294229 0.898253 0.326451 -0.0847751 -0.874259 -0.114957 -0.471652 0.569448 -0.386135 -0.424177 0.81913 1.29069
-0.3919 0.826459 0.404202 -0.0844921 -0.862035 -0.176375 -0.475172 0.546724 -0.321419 -0.534656 0.781558 1.28894
-0.423317 0.817239 0.391053 -0.131418 -0.841121 -0.194138 -0.504802 0.598676 -0.336626 -0.542615 0.769579 1.28494
-0.309962 0.883285 0.351755 -0.15753 -0.88385 -0.131375 -0.448944 0.631103 -0.350334 -0.450054 0.821412 1.28308
-0.414616 0.866424 0.278215 -0.151995 -0.817861 -0.220743 -0.53139 0.613213 -0.398995 -0.447864 0.800138 1.24534
-0.401318 0.89223 0.20705 -0.112191 -0.761597 -0.199476 -0.616587 0.572061 -0.508836 -0.405136 0.759573 1.24244
-0.296555 0.925542 0.235431 -0.118425 -0.736563 -0.0647459 -0.673262 0.586565 -0.607889 -0.373069 0.700921 1.24579
-0.284595 0.931771 0.225409 -0.1357 -0.633682 -0.00641141 -0.773567 0.581571 -0.719342 -0.362991 0.592271 1.27619
-0.202442 0.95486 0.217393 -0.123385 -0.592349 0.0573784 -0.803636 0.6019 -0.779833 -0.291462 0.553994 1.26726
-0.103287 0.976774 0.187733 -0.101802 -0.637954 0.0797514 -0.765934 0.554201 -0.763116 -0.198876 0.6149 1.27353
-0.0472341 0.987773 0.148573 -0.0969771 -0.72027 0.0693741 -0.690216 0.533405 -0.692083 -0.139614 0.708187 1.25019
0.00148007 0.993187 0.116526 -0.097646 -0.800537 0.071009 -0.595061 0.507616 -0.599281 -0.0924029 0.795188 1.24871
-0.0182335 0.996575 0.0806533 -0.121446 -0.846317 0.0275679 -0.531966 0.513927 -0.532368 -0.0779579 0.842916 1.25174
-0.0288118 0.998983 0.0346838 -0.134219 -0.840502 -0.00543085 -0.541782 0.528678 -0.541042 -0.0447614 0.839803 1.25276
0.0293743 0.999566 0.00223619 -0.145481 -0.790608 0.0246024 -0.611828 0.538405 -0.611618 0.0162041 0.790988 1.26894
0.0463107 0.998617 -0.0248832 -0.145026 -0.728683 0.0167328 -0.684646 0.550593 -0.683283 0.0498384 0.728451 1.2854
0.0436133 0.993214 -0.107814 -0.186389 -0.689725 -0.0481378 -0.722469 0.579015 -0.722756 0.105871 0.682945 1.3004
0.107558 0.988496 -0.106335 -0.178316 -0.649773 -0.0110588 -0.760048 0.593267 -0.75248 0.150843 0.641108 1.29227
0.156536 0.987194 0.0307452 -0.186162 -0.624964 0.123107 -0.770886 0.591443 -0.764799 0.101457 0.636231 1.33411
0.217428 0.964113 0.152352 -0.181805 -0.603199 0.255434 -0.755582 0.609046 -0.767382 0.0723863 0.637091 1.32917
0.318724 0.928586 0.190115 -0.205133 -0.642547 0.359126 -0.676876 0.662615 -0.696813 0.0935791 0.711122 1.34541
0.358817 0.926347 0.114595 -0.237682 -0.746175 0.358431 -0.561026 0.696399 -0.560779 0.115798 0.819828 1.3603
0.421013 0.90676 0.0231343 -0.246227 -0.817706 0.390456 -0.422967 0.690135 -0.392562 0.159157 0.90585 1.37403
0.514246 0.856825 0.0374438 -0.167299 -0.779855 0.485327 -0.395328 0.611766 -0.356899 0.174095 0.917777 1.32424
0.56154 0.826559 0.0383802 -0.159991 -0.782395 0.54549 -0.300497 0.593911 -0.269314 0.138712 0.95301 1.35172
0.551222 0.833147 -0.044941 -0.129213 -0.816956 0.527999 -0.231947 0.565682 -0.169517 0.164569 0.97169 1.32573
0.571023 0.814216 -0.104814 -0.0996131 -0.810587 0.539003 -0.228964 0.584439 -0.129931 0.215705 0.967775 1.30654
0.542789 0.839816 -0.0094267 -0.142868 -0.813787 0.523125 -0.253163 0.588004 -0.207679 0.145085 0.967378 1.29202
0.447266 0.894397 0.00285582 -0.164105 -0.867085 0.434386 -0.243869 0.576174 -0.219356 0.106598 0.969804 1.29341
0.411071 0.91117 0.0281034 -0.157374 -0.872957 0.402338 -0.275809 0.557948 -0.262616 0.0888438 0.960802 1.32615
0.464591 0.883091 -0.065626 -0.159959 -0.860941 0.433108 -0.26683 0.546938 -0.207212 0.180467 0.961507 1.34449
0.549058 0.834254 -0.0505515 -0.151633 -0.809933 0.516174 -0.278518 0.573857 -0.206261 0.193866 0.9591 1.34941
0.570069 0.820145 0.0488221 -0.133833 -0.786465 0.561919 -0.25636 0.587332 -0.237687 0.107746 0.965347 1.25964
0.575433 0.815539 -0.061416 -0.144229 -0.805902 0.552638 -0.212401 0.57627 -0.139281 0.171718 0.975251 1.35402
0.53959 0.840878 -0.0420215 -0.167519 -0.828541 0.521484 -0.203898 0.575817 -0.14954 0.144838 0.97809 1.39735
0.605075 0.790183 -0.0974428 -0.169169 -0.788502 0.577799 -0.210745 0.608917 -0.110225 0.20435 0.972672 1.3832
0.639865 0.753568 -0.150695 -0.194677 -0.765181 0.60657 -0.215804 0.607332 -0.0712161 0.253395 0.964738 1.40764
0.704692 0.68909 -0.169008 -0.191829 -0.704097 0.649807 -0.286353 0.589128 -0.0875003 0.320789 0.9431 1.38743
0.683214 0.706294 -0.185384 -0.225511 -0.723488 0.620352 -0.302865 0.551364 -0.0989089 0.341045 0.934829 1.3786
0.678903 0.697628 -0.228924 -0.217057 -0.734194 0.641995 -0.220912 0.581217 -0.0071466 0.318052 0.948046 1.37768
0.681127 0.691177 -0.241537 -0.231661 -0.731 0.623368 -0.277581 0.566155 -0.0412909 0.365632 0.929843 1.37108
0.689769 0.685011 -0.234477 -0.243023 -0.723481 0.639491 -0.260053 0.610057 -0.0281934 0.349016 0.936693 1.37733
0.645232 0.723733 -0.244719 -0.249404 -0.762929 0.593532 -0.256242 0.595136 -0.0402024 0.352038 0.935122 1.39347
0.590764 0.758774 -0.274336 -0.264927 -0.80543 0.534466 -0.256183 0.587475 -0.0477615 0.372302 0.926882 1.41068
0.580865 0.784323 -0.217791 -0.258125 -0.810411 0.532121 -0.245117 0.618839 -0.0763594 0.31888 0.944714 1.38996
0.560825 0.818733 -0.123091 -0.246722 -0.815553 0.520683 -0.252514 0.642818 -0.14265 0.242003 0.959732 1.38484
0.61954 0.780393 -0.0845949 -0.167238 -0.754282 0.56202 -0.339399 0.56331 -0.217321 0.27408 0.936831 1.33004
0.736306 0.671008 -0.0871846 -0.0990561 -0.647142 0.660693 -0.380385 0.550889 -0.197639 0.3365 0.92071 1.26651
0.788917 0.611951 -0.0559096 -0.0847867 -0.581812 0.714574 -0.388431 0.56618 -0.197749 0.338969 0.91978 1.26335
0.766097 0.642684 0.00724484 -0.0922555 -0.611368 0.732154 -0.3003 0.615698 -0.198302 0.22563 0.953817 1.2768
0.758983 0.642629 0.104752 -0.0566085 -0.597104 0.751115 -0.28159 0.663048 -0.259639 0.151174 0.9538 1.3216
0.817903 0.554502 0.153502 -0.0202368 -0.511056 0.822722 -0.2489 0.661639 -0.264305 0.125128 0.956288 1.31136
0.878635 0.433445 0.200317 -0.0147413 -0.388231 0.892713 -0.228781 0.675267 -0.27799 0.123246 0.952645 1.29754
0.904897 0.376607 0.198316 0.0969556 -0.330773 0.915457 -0.229187 0.782613 -0.267864 0.141793 0.952966 0.957124
0.921895 0.289029 0.258015 0.151385 -0.237465 0.947718 -0.213169 0.811928 -0.306137 0.13525 0.942331 0.775071
0.94161 0.237497 0.238674 0.0409228 -0.205956 0.967037 -0.149738 0.84643 -0.266369 0.0918389 0.959486 1.06443
0.94819 0.266178 0.17345 -0.0286759 -0.258834 0.963793 -0.0640914 0.86202 -0.184229 0.0158762 0.982755 1.24167
0.916927 0.382193 0.114779 -0.0874988 -0.381576 0.923908 -0.0281715 0.859598 -0.116813 -0.0179659 0.992991 1.35459
0.869405 0.492295 0.0421902 -0.138966 -0.490911 0.870325 -0.0392658 0.861737 -0.0560496 0.0134263 0.998338 1.41371
0.821355 0.569505 -0.0322354 -0.189635 -0.569931 0.821676 -0.00520103 0.896904 0.0235251 0.0226439 0.999467 1.44674
0.754227 0.650009 -0.0929003 -0.217036 -0.648908 0.759489 0.0457619 0.990997 0.100302 0.0257689 0.994623 1.44485
0.673935 0.723159 -0.151173 -0.330873 -0.719627 0.688867 0.0871771 1.01539 0.167181 0.0500365 0.984656 1.46571
0.658587 0.727045 -0.194085 -0.38342 -0.737457 0.674901 0.0257822 0.992945 0.149733 0.126149 0.980646 1.47859
0.631077 0.74537 -0.214861 -0.436374 -0.764919 0.644004 -0.0125734 0.989909 0.129 0.172286 0.976564 1.48109
0.653766 0.740229 -0.157006 -0.507711 -0.750831 0.660367 -0.0130227 0.985526 0.0940416 0.126398 0.987512 1.43847
0.717003 0.69117 -0.09051 -0.646296 -0.695752 0.71757 -0.0319704 0.916763 0.0428504 0.0858954 0.995382 1.42676
0.746971 0.655186 -0.112987 -0.677369 -0.657678 0.753063 0.0188577 0.935051 0.0974414 0.0602227 0.993418 1.41031
0.729174 0.675258 -0.111046 -0.669796 -0.677856 0.73497 0.0181802 0.939352 0.0938915 0.0620165 0.993649 1.40007
0.717355 0.684074 -0.132081 -0.630436 -0.688033 0.725399 0.0201621 0.955058 0.109604 0.0764124 0.991034 1.36286
0.735198 0.676594 -0.0412916 -0.657419 -0.677148 0.730295 -0.0902163 0.917131 -0.0308847 0.0942874 0.995066 1.42998
0.73469 0.670829 0.101094 -0.653792 -0.644817 0.736827 -0.203218 0.895286 -0.210813 0.084115 0.973901 1.41761
0.733644 0.650457 0.196654 -0.679717 -0.591782 0.75381 -0.285595 0.895651 -0.334007 0.093148 0.937957 1.43197
0.695681 0.695026 0.18157 -0.600129 -0.626225 0.710608 -0.320747 0.852113 -0.351952 0.109434 0.929599 1.43904
0.597113 0.788221 0.148878 -0.621397 -0.697422 0.601824 -0.389114 0.851236 -0.396306 0.128514 0.90908 1.42301
0.524524 0.845965 0.0960081 -0.650758 -0.745422 0.510791 -0.428298 0.863422 -0.411365 0.153086 0.898523 1.43336
0.429422 0.901433 0.054911 -0.658042 -0.787757 0.403615 -0.465331 0.851179 -0.441628 0.156567 0.883432 1.43372
0.33233 0.943158 0.00301096 -0.660139 -0.824578 0.292094 -0.484512 0.812625 -0.457851 0.158535 0.87478 1.42701
0.216752 0.975225 -0.0442169 -0.724567 -0.882401 0.176344 -0.436201 0.645804 -0.417597 0.133565 0.898762 1.39472
0.110469 0.988921 -0.0991599 -0.830339 -0.896872 0.0561973 -0.438705 0.535189 -0.428272 0.137397 0.893143 1.36322
0.00853488 0.988276 -0.152438 -0.881591 -0.899189 -0.0591082 -0.433551 0.402601 -0.437478 0.140771 0.888142 1.37348
-0.008918 0.989873 -0.141675 -1.07567 -0.901301 -0.0693214 -0.427611 0.167308 -0.433102 0.123878 0.892792 1.36016
0.0375804 0.988845 -0.144131 -1.18077 -0.91385 -0.0243482 -0.405322 -0.155902 -0.40431 0.146946 0.90274 1.31162
0.124979 0.988662 -0.0832267 -1.29302 -0.920605 0.0842785 -0.381291 -0.310544 -0.369954 0.124272 0.920701 1.29039
0.179003 0.983156 -0.0369188 -1.42886 -0.901168 0.148787 -0.407134 -0.447916 -0.394783 0.106148 0.912622 1.26466
0.118981 0.987116 -0.106988 -1.48999 -0.903252 0.0628658 -0.42448 -0.654814 -0.412285 0.147142 0.899094 1.27373
0.11236 0.9909 -0.0741119 -1.71881 -0.902902 0.0706701 -0.423998 -0.973895 -0.414902 0.114556 0.902626 1.22441
0.0974881 0.988045 -0.11943 -1.8166 -0.911768 0.0405605 -0.408699 -1.21612 -0.398968 0.148736 0.904821 1.24314
0.0980338 0.992063 -0.078743 -2.00198 -0.918486 0.059735 -0.390915 -1.47328 -0.383109 0.110647 0.917052 1.2089
0.0274694 0.991818 -0.124668 -2.10918 -0.925497 -0.0218962 -0.378122 -1.73851 -0.377758 0.125767 0.917323 1.179
0.0284579 0.987724 -0.153592 -2.24806 -0.927581 -0.0311711 -0.37232 -1.98971 -0.372537 0.153065 0.915307 1.16331
-0.0120859 0.987996 -0.154005 -2.465 -0.930925 -0.0673392 -0.358949 -2.32094 -0.365011 0.139029 0.920564 1.12371
-0.113518 0.974057 -0.195773 -2.63286 -0.920574 -0.177237 -0.348039 -2.64345 -0.373708 0.140715 0.916811 1.11253
-0.239103 0.936792 -0.255441 -2.69498 -0.882832 -0.319266 -0.344496 -2.71387 -0.404275 0.143142 0.903367 1.09229
-0.339991 0.891821 -0.298431 -2.69062 -0.842167 -0.429954 -0.325413 -2.74675 -0.418522 0.140691 0.897243 1.08365
-0.46113 0.816061 -0.34843 -2.70817 -0.771384 -0.562746 -0.297125 -2.8241 -0.43855 0.13176 0.888996 1.07587
-0.56281 0.729852 -0.388022 -2.71835 -0.675536 -0.67665 -0.29291 -2.83984 -0.476336 0.0972701 0.873866 1.05483
-0.646053 0.635195 -0.423252 -2.72794 -0.578503 -0.769215 -0.27137 -2.83283 -0.497945 0.0695335 0.864417 1.03387
-0.715296 0.52299 -0.463501 -2.73255 -0.467386 -0.851116 -0.239063 -2.78592 -0.519521 0.0456327 0.853238 1.03068
-0.765981 0.408675 -0.496244 -2.76446 -0.358103 -0.912321 -0.198576 -2.78494 -0.533886 0.0256011 0.845169 1.06083
-0.796262 0.30256 -0.523856 -2.79492 -0.262406 -0.952983 -0.151549 -2.71305 -0.545078 0.0167899 0.838217 1.07874
-0.818311 0.173255 -0.548041 -2.82549 -0.13195 -0.984649 -0.11426 -2.64997 -0.559424 -0.0211858 0.828611 1.05506
-0.812121 0.0551232 -0.58088 -2.84229 -0.0271273 -0.998018 -0.0567816 -2.65833 -0.582858 -0.0303558 0.812007 1.05144
-0.795326 -0.0577626 -0.603423 -2.91344 0.0731329 -0.997322 -0.000922347 -2.68379 -0.601754 -0.0448637 0.79742 1.05216
-0.765461 -0.174786 -0.619289 -2.91948 0.182323 -0.981875 0.0517639 -2.71064 -0.617112 -0.0732872 0.783455 1.02391
-0.732737 -0.289772 -0.615734 -2.9193 0.27373 -0.953888 0.123167 -2.666 -0.623032 -0.0782957 0.778268 1.0096
-0.696487 -0.407116 -0.590899 -2.92761 0.372962 -0.90889 0.186598 -2.62898 -0.613029 -0.0904199 0.784869 1.00764
-0.633344 -0.514261 -0.578283 -2.92945 0.455428 -0.851843 0.258743 -2.61973 -0.625668 -0.099493 0.773718 1.0224
-0.56664 -0.612449 -0.551204 -2.92032 0.541213 -0.781067 0.311483 -2.59974 -0.621295 -0.12182 0.77405 1.0071
-0.477961 -0.712347 -0.513922 -2.88503 0.618765 -0.688319 0.378611 -2.5603 -0.623445 -0.137036 0.769765 1.01324
-0.388442 -0.794293 -0.467131 -2.85095 0.691417 -0.58635 0.422063 -2.46886 -0.609144 -0.159035 0.77695 1.02376
-0.280096 -0.876568 -0.391375 -2.80471 0.767247 -0.449444 0.457529 -2.38593 -0.576957 -0.17213 0.798431 1.02549
-0.187231 -0.925963 -0.327928 -2.75259 0.812071 -0.333735 0.478708 -2.35883 -0.552707 -0.176671 0.814433 1.0287
-0.0756217 -0.962614 -0.260108 -2.70808 0.83258 -0.204503 0.514771 -2.30062 -0.548718 -0.177633 0.816918 1.05265
0.035829 -0.984183 -0.173494 -2.69761 0.846831 -0.062284 0.528202 -2.30834 -0.530653 -0.165845 0.831205 1.06844
0.133585 -0.985777 -0.101975 -2.72058 0.848916 0.0607266 0.525027 -2.28411 -0.511367 -0.156704 0.844954 1.08137
0.244391 -0.969448 -0.0210435 -2.73013 0.831446 0.198336 0.518999 -2.2301 -0.498969 -0.144335 0.854516 1.07701
0.340048 -0.940168 0.0212386 -2.7209 0.812677 0.30515 0.496427 -2.23383 -0.473206 -0.151549 0.867818 1.06581
0.455219 -0.887894 0.0664878 -2.68678 0.765128 0.42828 0.480786 -2.21583 -0.455362 -0.167991 0.874314 1.05645
0.551003 -0.824874 0.126405 -2.66564 0.705112 0.541212 0.458155 -2.24355 -0.446332 -0.163315 0.879839 1.04889
0.494654 -0.864072 0.0932608 -2.62438 0.743223 0.476195 0.469955 -2.24246 -0.450485 -0.163152 0.87775 1.05229
0.438949 -0.896858 0.0545012 -2.55354 0.770939 0.407087 0.48983 -2.23432 -0.461495 -0.172993 0.870112 1.10128
0.366282 -0.93031 -0.0190048 -2.56255 0.809558 0.308537 0.49942 -2.08491 -0.458751 -0.198314 0.866152 1.10169
0.266326 -0.960849 -0.0764139 -2.59092 0.83614 0.190863 0.514239 -1.98798 -0.479521 -0.200848 0.854236 1.0929
0.129014 -0.980103 -0.150839 -2.59347 0.848738 0.0304722 0.527935 -1.91724 -0.512834 -0.196134 0.835782 1.07021
0.0177267 -0.973576 -0.227675 -2.58922 0.852461 -0.104279 0.512286 -1.87284 -0.522491 -0.203165 0.828087 1.07694
-0.0804743 -0.946629 -0.312117 -2.57812 0.847119 -0.22997 0.479065 -1.83167 -0.525275 -0.225848 0.820414 1.09625
-0.215383 -0.889203 -0.403643 -2.60682 0.806583 -0.395 0.439771 -1.77305 -0.550485 -0.230853 0.802293 1.08692
-0.3365 -0.836682 -0.432123 -2.68837 0.75511 -0.513924 0.407052 -1.7074 -0.562651 -0.189328 0.804723 1.05598
-0.421954 -0.778234 -0.465088 -2.83447 0.676726 -0.611737 0.409659 -1.61491 -0.603322 -0.14188 0.784775 1.02992
-0.480533 -0.714214 -0.508907 -2.94354 0.612464 -0.688644 0.388146 -1.4097 -0.627675 -0.12517 0.768347 1.02507
-0.518093 -0.669475 -0.532338 -3.19327 0.567685 -0.734682 0.371451 -1.31464 -0.639776 -0.109754 0.760684 0.981292
-0.57357 -0.572486 -0.585899 -3.29804 0.476376 -0.814977 0.329968 -1.23824 -0.666396 -0.0898481 0.740165 0.956745
-0.610888 -0.495544 -0.617456 -3.46131 0.436336 -0.861491 0.259701 -1.06268 -0.660626 -0.11077 0.742498 0.951282
-0.6687 -0.462521 -0.582164 -3.76761 0.398998 -0.883907 0.243945 -1.06563 -0.627408 -0.0691563 0.775614 0.899957
-0.69169 -0.379461 -0.614471 -3.98409 0.336299 -0.922197 0.190935 -0.921053 -0.639115 -0.0745785 0.765487 0.886727
-0.708133 -0.285551 -0.645762 -4.13318 0.265326 -0.955161 0.131413 -0.93036 -0.654332 -0.0782795 0.752145 0.844938
-0.735583 -0.182004 -0.652528 -4.34417 0.164767 -0.982375 0.0882662 -1.07077 -0.657092 -0.0425878 0.752606 0.812577
-0.759557 -0.0439206 -0.648956 -4.47406 0.0482405 -0.998774 0.0111339 -1.12748 -0.64865 -0.0228492 0.760744 0.799952
-0.763615 0.0807035 -0.640608 -4.56134 -0.0526142 -0.996636 -0.0628387 -1.12443 -0.643525 -0.0142794 0.765292 0.787323
-0.745927 0.251098 -0.616881 -4.62742 -0.187612 -0.967921 -0.167127 -1.12791 -0.639057 -0.00893018 0.769108 0.780399
-0.696903 0.408392 -0.589527 -4.67595 -0.31584 -0.912789 -0.258963 -1.16101 -0.643872 0.00572421 0.765112 0.780998
-0.63695 0.523115 -0.566255 -4.70124 -0.418661 -0.851502 -0.315701 -1.25175 -0.647316 0.0359829 0.761372 0.77682
-0.569218 0.630542 -0.527644 -4.72393 -0.519093 -0.773289 -0.364098 -1.42641 -0.6376 0.0666449 0.767479 0.770894
-0.488596 0.727954 -0.480996 -4.75401 -0.588787 -0.681922 -0.433951 -1.54718 -0.643897 0.0711774 0.761794 0.771393
-0.392916 0.821522 -0.41318 -4.82862 -0.666932 -0.563925 -0.487023 -1.58703 -0.633103 0.0842038 0.769474 0.760523
-0.346156 0.874102 -0.340767 -4.89644 -0.721792 -0.480162 -0.498459 -1.66 -0.599327 0.0734183 0.797131 0.750897
-0.242591 0.932424 -0.267835 -4.92009 -0.759853 -0.354266 -0.545086 -1.79003 -0.603136 0.0712824 0.794447 0.748173
-0.176657 0.947947 -0.264931 -4.80434 -0.784911 -0.298085 -0.543194 -2.11088 -0.593891 0.111988 0.796713 0.743805
-0.0723689 0.977269 -0.19927 -4.78601 -0.796255 -0.176926 -0.578511 -2.16795 -0.600617 0.116803 0.790959 0.750783
0.0630233 0.993918 -0.0903071 -4.79309 -0.809151 -0.00208153 -0.587597 -2.26877 -0.584211 0.110104 0.804098 0.749453
0.152734 0.987898 -0.0270326 -4.80153 -0.816418 0.110714 -0.566749 -2.30173 -0.556897 0.108632 0.823447 0.744841
0.221537 0.97478 0.0269258 -4.82278 -0.828262 0.202668 -0.522406 -2.3534 -0.514688 0.0934304 0.852272 0.729866
0.334125 0.935923 0.111391 -4.79875 -0.791761 0.342829 -0.505553 -2.41294 -0.511346 0.0807232 0.855575 0.718515
0.423738 0.895659 0.13506 -4.65036 -0.780025 0.436623 -0.448242 -2.50174 -0.460443 0.0845867 0.88365 0.744133
0.514911 0.837848 0.181324 -4.54928 -0.720198 0.537529 -0.438608 -2.58712 -0.464953 0.0952548 0.880196 0.770624
0.606523 0.765099 0.216224 -4.51725 -0.668764 0.638022 -0.381685 -2.7008 -0.429982 0.086898 0.898646 0.776786
0.657393 0.711414 0.248444 -4.44714 -0.619359 0.697911 -0.359604 -2.9007 -0.429219 0.082525 0.899422 0.777136
0.602108 0.768274 0.217303 -4.20503 -0.653647 0.630618 -0.418409 -2.99963 -0.458488 0.109888 0.881881 0.807607
0.614035 0.744134 0.263109 -3.95665 -0.630626 0.663006 -0.403403 -3.24768 -0.474628 0.08178 0.876379 0.853599
0.568263 0.789255 0.23271 -3.59763 -0.684804 0.610418 -0.398036 -3.49266 -0.456202 0.0668285 0.887363 0.952999
0.603829 0.756518 0.251138 -3.34955 -0.652775 0.65012 -0.388882 -3.6799 -0.457466 0.0708814 0.886397 0.978644
0.623435 0.716071 0.31396 -3.20778 -0.595118 0.695024 -0.403455 -3.88244 -0.507112 0.0646847 0.859449 1.00528
0.629981 0.708009 0.319137 -2.8658 -0.601537 0.704771 -0.376099 -4.13904 -0.4912 0.0449623 0.869886 1.0954
0.672298 0.673147 0.30804 -2.6991 -0.560714 0.734727 -0.381807 -4.29421 -0.483337 0.0839663 0.871398 1.07404
0.685135 0.659925 0.308366 -2.50261 -0.562567 0.748307 -0.351503 -4.50277 -0.462718 0.0673502 0.883943 1.08395
0.706393 0.628608 0.325362 -2.31092 -0.531428 0.774631 -0.342827 -4.69455 -0.46754 0.0692647 0.881254 1.10789
0.759868 0.547358 0.350713 -2.25313 -0.478219 0.836101 -0.268776 -4.80689 -0.440349 0.0365167 0.897084 1.12431
0.758973 0.560949 0.330599 -2.15131 -0.476781 0.824579 -0.304548 -4.82401 -0.443441 0.0735206 0.893283 1.14556
0.777623 0.530663 0.337195 -2.1522 -0.451798 0.8446 -0.287279 -4.82766 -0.437243 0.0710508 0.896532 1.17077
0.834459 0.420806 0.355809 -2.15412 -0.363282 0.905572 -0.219011 -4.68086 -0.414372 0.0534967 0.908534 1.15997
0.876206 0.29404 0.381842 -2.14665 -0.264953 0.95573 -0.127983 -4.66977 -0.40257 0.0109696 0.915323 1.13855
0.908234 0.149764 0.390745 -2.169 -0.148094 0.988368 -0.0345957 -4.64923 -0.391381 -0.0264461 0.919849 1.15305
0.927475 -0.0606582 0.368933 -2.18641 0.0338219 0.996318 0.0787839 -4.62966 -0.372353 -0.0605921 0.926111 1.15511
0.917274 -0.223176 0.32985 -2.20005 0.179893 0.97111 0.156792 -4.60305 -0.355313 -0.0844837 0.930922 1.14101
0.838197 -0.483272 0.252731 -2.24146 0.422475 0.868441 0.259471 -4.55485 -0.344877 -0.110715 0.932095 1.13819
0.752809 -0.632671 0.181676 -2.31015 0.564063 0.762307 0.317367 -4.53189 -0.339281 -0.13644 0.930737 1.11689
0.677198 -0.724239 0.129925 -2.38401 0.656876 0.674622 0.336747 -4.49598 -0.331535 -0.142699 0.932588 1.11478
0.560281 -0.825418 0.069067 -2.47692 0.764181 0.547276 0.341347 -4.46174 -0.319552 -0.13847 0.937397 1.11994
0.393143 -0.919477 0.000189688 -2.57833 0.848754 0.362983 0.384526 -4.38408 -0.353632 -0.151013 0.923114 1.10003
0.262591 -0.964548 -0.0263178 -2.56662 0.885415 0.230028 0.40389 -4.25429 -0.383517 -0.12936 0.914429 1.08745
0.212852 -0.97417 -0.075411 -2.57788 0.902091 0.166276 0.398227 -3.98321 -0.375402 -0.152791 0.914182 1.09788
0.278624 -0.959774 -0.0346908 -2.64689 0.894406 0.24615 0.373427 -3.71 -0.349866 -0.135073 0.927011 1.07919
0.35141 -0.936148 -0.0117654 -2.61022 0.889561 0.329952 0.315932 -3.39585 -0.291877 -0.121488 0.948709 1.10132
0.486088 -0.873547 0.0251708 -2.62939 0.832376 0.471568 0.291159 -3.0955 -0.266211 -0.120577 0.956343 1.09091
0.568593 -0.819942 0.066307 -2.59585 0.78065 0.563246 0.270813 -2.7648 -0.259398 -0.10222 0.960346 1.10836
0.601424 -0.798271 0.0324518 -2.49464 0.764503 0.586828 0.266775 -2.34223 -0.232002 -0.135635 0.963212 1.15055
0.641735 -0.760193 0.101407 -2.47072 0.709864 0.638821 0.296651 -2.01761 -0.290293 -0.118386 0.949587 1.17335
0.689874 -0.709151 0.145531 -2.29172 0.655611 0.697266 0.289819 -1.79959 -0.306999 -0.104527 0.945952 1.17042
0.759466 -0.628598 0.167556 -2.16635 0.581641 0.771479 0.257903 -1.6358 -0.291383 -0.0984115 0.951531 1.15282
0.830633 -0.50414 0.236415 -2.09346 0.47328 0.862899 0.17723 -1.45136 -0.293351 -0.0353221 0.955352 1.14947
0.89645 -0.344769 0.278408 -1.98976 0.319141 0.938161 0.134172 -1.3149 -0.30745 -0.0314272 0.951045 1.17153
0.930615 -0.219205 0.293095 -1.81435 0.199597 0.975203 0.0956063 -1.25806 -0.306785 -0.0304718 0.951291 1.2336
0.948466 -0.0848491 0.305309 -1.64275 0.0605893 0.994268 0.088094 -1.14109 -0.311034 -0.0650556 0.94817 1.27022
0.951972 0.0221561 0.305382 -1.55985 -0.0292178 0.999401 0.0185725 -1.0309 -0.304788 -0.0266032 0.952049 1.25589
0.930532 0.130042 0.342345 -1.48069 -0.133357 0.99097 -0.013948 -0.94366 -0.341068 -0.032675 0.939471 1.20031
0.944925 0.162217 0.284258 -1.26835 -0.167394 0.985871 -0.00615942 -0.952088 -0.281241 -0.0417629 0.958728 0.86358
0.945233 0.234292 0.22725 -1.10298 -0.239665 0.970847 -0.00405603 -0.997386 -0.221576 -0.0506302 0.973828 0.684412
0.906276 0.276751 0.31949 -1.03619 -0.296586 0.954901 0.0141443 -1.06432 -0.301167 -0.107575 0.947484 0.56833
0.909921 0.320393 0.263423 -1.15187 -0.338919 0.940431 0.0268841 -1.06256 -0.239118 -0.113742 0.964306 0.604087
0.923314 0.356488 0.142858 -1.189 -0.359974 0.932961 -0.00154624 -1.07982 -0.133832 -0.0499973 0.989742 0.65417
0.902431 0.426331 0.0621339 -1.2002 -0.418137 0.901433 -0.112165 -1.12715 -0.103829 0.075241 0.991745 0.642681
0.85915 0.510994 0.0273301 -1.21291 -0.499465 0.848991 -0.17248 -1.15496 -0.111339 0.134536 0.984634 0.63574
0.826091 0.562989 0.0248414 -1.23612 -0.551089 0.816272 -0.173207 -1.1919 -0.117791 0.129395 0.984572 0.622593
0.813056 0.581758 0.0222994 -1.2416 -0.571938 0.805314 -0.156064 -1.2003 -0.108749 0.114135 0.987495 0.669056
0.816716 0.576349 0.0282243 -1.25361 -0.565364 0.809023 -0.160768 -1.18944 -0.115493 0.115345 0.986589 0.636548
