1 0.000197615 -6.27799e-05 0.00202548 -0.000197603 1 0.00020646 0.000689076 6.28207e-05 -0.000206448 1 -0.0012293
1 0.000339395 0.000208965 0.0154805 -0.000338886 0.999997 -0.00243116 0.00562813 -0.000209789 0.00243109 0.999997 0.0114791
0.999544 0.021003 0.0216725 0.0218522 -0.0219913 0.99868 0.0464181 0.00965152 -0.0206689 -0.0468735 0.998687 -0.00434513
0.988168 0.150307 -0.0305344 -0.0602619 -0.147302 0.985506 0.0841434 -0.00849866 0.0427392 -0.07865 0.995986 0.240776
0.967306 0.220393 -0.125481 -0.0906528 -0.203765 0.969965 0.132847 0.000667534 0.150991 -0.102935 0.983161 0.324793
0.934936 0.289075 -0.205743 -0.111108 -0.238712 0.941466 0.238031 -0.012563 0.262508 -0.173431 0.949216 0.4389
0.862873 0.330214 -0.382633 -0.119172 -0.259199 0.939039 0.225878 0.00435849 0.433896 -0.0957259 0.895863 0.515984
0.813873 0.411826 -0.409891 -0.0307036 -0.297966 0.901436 0.314055 -0.0144194 0.498826 -0.133467 0.856364 0.608196
0.738002 0.440885 -0.510856 0.0260496 -0.297554 0.892093 0.340047 -0.0138649 0.605653 -0.0989483 0.789553 0.68896
0.732144 0.531405 -0.426114 0.0377426 -0.380147 0.837871 0.39174 0.0326711 0.565202 -0.124824 0.815455 0.787763
0.756807 0.608903 -0.237654 -0.0731429 -0.485771 0.767223 0.418801 -0.00264514 0.437343 -0.201506 0.876428 0.85258
0.798772 0.596905 -0.0752819 -0.251666 -0.531477 0.758721 0.376662 -0.0270218 0.281949 -0.260856 0.923287 0.893424
0.831986 0.553609 0.0362896 -0.353706 -0.52422 0.763032 0.378121 -0.0705396 0.181641 -0.333615 0.925044 0.921541
0.87533 0.477374 0.0768889 -0.46336 -0.460655 0.774986 0.43266 -0.138287 0.146953 -0.414139 0.898273 0.898262
0.861416 0.506508 0.0375776 -0.385784 -0.485514 0.799468 0.353732 -0.115818 0.149126 -0.322955 0.934592 0.878852
0.865205 0.50141 0.00282343 -0.348294 -0.47523 0.818208 0.323562 -0.113874 0.159927 -0.281289 0.946203 0.867408
0.850329 0.526171 -0.00923195 -0.331669 -0.496923 0.808589 0.315044 -0.0925466 0.173232 -0.263303 0.949032 0.918207
0.846594 0.529608 0.0528496 -0.348216 -0.518207 0.797552 0.308825 -0.125134 0.121406 -0.288836 0.94965 0.904707
0.888706 0.45842 0.00722419 -0.322644 -0.446927 0.862695 0.236671 -0.0912855 0.102263 -0.21356 0.971563 0.926155
0.921553 0.384177 -0.0560974 -0.311564 -0.375071 0.918254 0.127008 -0.0311146 0.100305 -0.0960038 0.990314 0.964835
0.923159 0.382374 -0.0395877 -0.239224 -0.381457 0.923935 0.0288889 0.0139566 0.0476229 -0.011568 0.998798 1.00308
0.89362 0.432348 -0.120495 -0.249658 -0.433398 0.901008 0.0187186 0.0629965 0.116659 0.0354948 0.992537 0.979498
0.894746 0.438033 -0.0869229 -0.267921 -0.422733 0.893526 0.151353 0.0594849 0.143966 -0.0986775 0.984651 0.923407
0.87091 0.491323 -0.0108327 -0.261217 -0.481117 0.856899 0.185069 0.0742024 0.100211 -0.155967 0.982666 0.979617
0.841181 0.533139 -0.0904281 -0.292857 -0.518795 0.842829 0.143147 0.0588338 0.152532 -0.0734986 0.985562 0.979732
0.804595 0.569218 -0.169168 -0.289192 -0.554965 0.822146 0.126846 0.0340098 0.211284 -0.00817698 0.977391 0.945414
0.778577 0.617355 -0.11265 -0.278544 -0.584344 0.778653 0.228565 0.000737965 0.228821 -0.11213 0.966989 0.953653
0.820667 0.5649 -0.0859869 -0.340167 -0.533689 0.811535 0.237882 -0.0418467 0.204161 -0.149332 0.96748 0.946124
0.884589 0.466132 -0.0149399 -0.322633 -0.44309 0.849992 0.284929 -0.0859231 0.145513 -0.245425 0.958432 0.957709
0.913772 0.397849 0.0820802 -0.287256 -0.40338 0.86477 0.299093 -0.0946101 0.0480135 -0.306413 0.950687 0.960429
0.87597 0.480887 0.0377319 -0.245925 -0.475376 0.847367 0.236615 -0.043463 0.0818121 -0.225204 0.970871 0.888691
0.930306 0.363816 0.0465609 -0.131286 -0.365526 0.909117 0.199742 -0.0575774 0.03034 -0.20284 0.978742 0.910977
0.968462 0.247223 0.0310201 -0.0541983 -0.248841 0.953383 0.170701 -0.0491527 0.0126272 -0.173037 0.984834 0.893096
0.981455 0.17022 0.088157 0.0571108 -0.180081 0.97635 0.119633 -0.0119845 -0.065708 -0.13329 0.988896 0.842876
0.99044 0.12918 0.0483773 0.092418 -0.130477 0.991144 0.0246735 0.00952648 -0.0447615 -0.0307497 0.998524 0.69492
0.980159 0.194133 -0.0400121 0.0404653 -0.194231 0.980955 0.0014421 0.0740089 0.03953 0.00635811 0.999198 0.545274
0.95592 0.279778 -0.0891099 -0.0187295 -0.276365 0.959812 0.0488262 0.0668252 0.0991892 -0.0220471 0.994824 0.518774
0.947319 0.313556 -0.0653392 -0.0370574 -0.298597 0.938383 0.174002 0.055423 0.115873 -0.145326 0.982575 0.483435
0.956714 0.290945 -0.00703125 -0.0427187 -0.280634 0.928669 0.242524 0.0490882 0.0770908 -0.230053 0.97012 0.582341
0.975802 0.206613 0.0715698 -0.0412055 -0.218234 0.940635 0.25996 0.042433 -0.0136098 -0.269288 0.962963 0.605191
0.959279 0.227136 0.167908 -0.0795516 -0.268099 0.919305 0.288098 0.0513616 -0.0889209 -0.321383 0.942765 0.539047
0.942529 0.200278 0.267446 -0.158768 -0.297631 0.867006 0.399644 0.0301426 -0.151838 -0.456277 0.876788 0.560891
0.918006 0.207995 0.337645 -0.182206 -0.358491 0.799289 0.482309 0.0188779 -0.169557 -0.563805 0.808316 0.551973
0.885507 0.201554 0.418633 -0.202465 -0.420138 0.732086 0.536222 0.0291837 -0.198398 -0.650711 0.732948 0.557588
0.814182 0.231367 0.53252 -0.23915 -0.545118 0.620365 0.56391 -0.0246246 -0.199887 -0.749411 0.631212 0.556806
0.759329 0.237723 0.605729 -0.281802 -0.622967 0.534476 0.57118 -0.118456 -0.187965 -0.811063 0.553937 0.548784
0.776425 0.133292 0.615953 -0.327699 -0.553798 0.610788 0.565903 -0.241218 -0.300786 -0.780494 0.548047 0.569776
0.709826 0.177255 0.68171 -0.358637 -0.644544 0.553802 0.52713 -0.326563 -0.284096 -0.813563 0.507352 0.54958
0.750687 0.1542 0.642411 -0.512316 -0.603724 0.55501 0.572259 -0.588678 -0.268303 -0.817426 0.509733 0.506339
0.759997 0.119176 0.638907 -0.725384 -0.542704 0.657254 0.522963 -1.1181 -0.3576 -0.744187 0.564188 0.495557
0.594244 -0.00693819 0.804255 -0.789387 -0.620776 0.631841 0.464127 -1.31211 -0.511382 -0.775067 0.371161 0.528656
0.507139 -0.0817243 0.857981 -0.799232 -0.654542 0.611115 0.445099 -1.34655 -0.560701 -0.787311 0.256428 0.511657
0.414321 -0.165559 0.894946 -0.826746 -0.655779 0.627547 0.419689 -1.40456 -0.631104 -0.760773 0.151436 0.484903
0.327065 -0.213204 0.920637 -0.920104 -0.64375 0.66294 0.382224 -1.52416 -0.691819 -0.717673 0.079574 0.403692
0.353484 -0.17246 0.919405 -0.973983 -0.580472 0.730299 0.360162 -1.55089 -0.733554 -0.661 0.158041 0.381862
0.355521 -0.161631 0.920587 -0.957534 -0.528839 0.777332 0.340711 -1.53788 -0.770671 -0.607972 0.190881 0.386845
0.434647 -0.107547 0.894156 -0.904371 -0.475583 0.815713 0.329292 -1.55877 -0.764789 -0.568372 0.3034 0.407628
0.573849 -0.072675 0.81573 -0.866788 -0.390076 0.851555 0.350277 -1.53261 -0.720096 -0.519203 0.460316 0.436055
0.619679 -0.0950023 0.779084 -0.792693 -0.310657 0.881888 0.354633 -1.49523 -0.720756 -0.461787 0.516975 0.504434
0.660311 -0.0654682 0.748134 -0.73307 -0.244161 0.923358 0.296301 -1.43944 -0.710194 -0.378316 0.593719 0.492037
0.780844 -0.0167839 0.624501 -0.708118 -0.188226 0.946867 0.260795 -1.37805 -0.595697 -0.321188 0.736196 0.491103
0.842458 -0.0159771 0.538525 -0.67692 -0.106156 0.975042 0.194996 -1.34337 -0.5282 -0.221444 0.819736 0.530416
0.893187 -0.0444099 0.447486 -0.673265 -0.0106331 0.992747 0.119747 -1.36098 -0.449559 -0.111715 0.886237 0.550861
0.952366 -0.0644117 0.298079 -0.714112 0.0355078 0.994213 0.101391 -1.342 -0.302884 -0.0859774 0.949141 0.507093
0.973106 -0.0993146 0.20785 -0.75235 0.0702889 0.987273 0.142661 -1.35352 -0.219373 -0.124215 0.967702 0.57761
0.99048 -0.0473946 0.129239 -0.745869 0.0409777 0.997813 0.0518679 -1.38543 -0.131414 -0.0460782 0.990256 0.669757
0.999742 0.000981683 0.0226843 -0.794785 0.000172261 0.998708 -0.0508119 -1.45337 -0.0227049 0.0508027 0.998451 0.679746
0.999845 0.0119507 -0.012916 -0.638741 -0.0117421 0.999801 0.0161026 -1.21879 0.0131058 -0.0159484 0.999787 0.603147
0.998983 -0.022672 0.0389632 -0.698242 0.02694 0.993257 -0.112759 -1.34607 -0.036144 0.113695 0.992858 0.673081
0.993734 -0.0697823 0.0873103 -0.80669 0.0755912 0.995012 -0.0650937 -1.38759 -0.0823324 0.0712858 0.994052 0.7768
0.981707 -0.153053 0.113255 -0.767272 0.165459 0.980095 -0.109714 -1.38667 -0.0942085 0.126446 0.98749 0.728725
0.959156 -0.232561 0.161042 -0.756265 0.259675 0.949673 -0.175183 -1.40954 -0.112197 0.209847 0.971276 0.754013
0.926002 -0.32408 0.193632 -0.747633 0.360585 0.911159 -0.19942 -1.42246 -0.111801 0.254484 0.960593 0.703396
0.934476 -0.311711 0.172018 -0.764503 0.344662 0.913144 -0.21766 -1.38597 -0.0892307 0.262686 0.960747 0.670874
0.963897 -0.247498 0.0982245 -0.783276 0.261098 0.95089 -0.166238 -1.38142 -0.0522572 0.185883 0.981181 0.623128
0.983074 -0.17698 0.0473775 -0.781218 0.181142 0.977665 -0.106574 -1.39816 -0.0274579 0.113352 0.993175 0.596996
0.997921 -0.0641956 -0.00572047 -0.727913 0.0629342 0.989742 -0.128258 -1.38961 0.0138954 0.127631 0.991724 0.636884
0.990517 0.0403506 -0.131329 -0.774452 -0.0572653 0.99016 -0.127685 -1.4648 0.124885 0.133995 0.983082 0.656699
0.988591 0.0926986 -0.11872 -0.828002 -0.102476 0.991587 -0.0790789 -1.44694 0.110391 0.0903427 0.989774 0.657152
0.977635 0.145572 -0.151787 -0.860813 -0.147785 0.989014 -0.00333753 -1.43241 0.149633 0.0256946 0.988408 0.71776
0.986246 0.0738451 -0.147873 -0.838089 -0.0855914 0.993526 -0.0747067 -1.426 0.141399 0.0863359 0.986181 0.753973
0.9917 0.0214775 -0.126765 -0.831843 -0.0445931 0.982204 -0.182446 -1.4423 0.12059 0.186584 0.97501 0.738591
0.987763 -0.100187 -0.119526 -0.863421 0.0649026 0.960924 -0.269096 -1.4841 0.141815 0.258046 0.955668 0.738886
0.971707 -0.198305 -0.128299 -0.843744 0.151947 0.940729 -0.303219 -1.44702 0.180824 0.275145 0.944244 0.719955
0.969184 -0.228501 -0.0920361 -0.791931 0.188503 0.928452 -0.320067 -1.49136 0.158587 0.292855 0.942914 0.728202
0.962653 -0.184646 -0.198003 -0.823897 0.112235 0.937711 -0.328788 -1.48993 0.246379 0.294286 0.923414 0.726024
0.970668 -0.212358 -0.112731 -0.85779 0.155561 0.912237 -0.378979 -1.56162 0.183316 0.350326 0.918513 0.70918
0.95777 -0.286303 -0.0265789 -0.870825 0.247906 0.869064 -0.4281 -1.58212 0.145665 0.403433 0.90334 0.732847
0.929035 -0.368315 0.0351998 -0.80494 0.344353 0.825933 -0.44638 -1.50389 0.135336 0.426823 0.894151 0.65834
0.931495 -0.363074 0.0222389 -0.755705 0.327554 0.810637 -0.485361 -1.53783 0.158194 0.459396 0.874031 0.721125
0.924738 -0.380471 0.0101179 -0.774709 0.347341 0.832751 -0.431138 -1.51221 0.15561 0.402204 0.902229 0.721627
0.91497 -0.397156 -0.0713982 -0.818098 0.333405 0.843725 -0.420677 -1.51819 0.227315 0.361102 0.904397 0.701034
0.9077 -0.419546 -0.00781373 -0.825091 0.378185 0.825997 -0.417977 -1.52014 0.181815 0.376442 0.908424 0.742878
0.900717 -0.431463 0.0504771 -0.857186 0.416672 0.825234 -0.381279 -1.46349 0.122852 0.364457 0.923081 0.671185
0.948367 -0.314287 0.0427052 -0.809753 0.313318 0.90737 -0.280199 -1.45276 0.0493136 0.279112 0.958991 0.6481
0.966483 -0.243236 0.0821423 -0.771939 0.255479 0.94277 -0.214277 -1.44426 -0.0253214 0.228081 0.973313 0.641317
0.978089 -0.173203 0.115507 -0.746307 0.188736 0.971876 -0.140842 -1.44051 -0.0878643 0.159557 0.983271 0.622774
0.987416 -0.0962453 0.125487 -0.745727 0.102956 0.993521 -0.0481215 -1.44498 -0.120042 0.0604355 0.990928 0.586719
0.961987 -0.174011 0.21048 -0.80869 0.182637 0.982932 -0.0221114 -1.44902 -0.20304 0.0597125 0.977348 0.623652
0.928458 -0.250951 0.273842 -0.784605 0.278177 0.958333 -0.064931 -1.36268 -0.246137 0.136462 0.95958 0.655865
0.912309 -0.230473 0.338489 -0.740078 0.267577 0.961225 -0.0666981 -1.37548 -0.309992 0.151421 0.938603 0.721298
0.895719 -0.309837 0.318885 -0.717017 0.342641 0.938082 -0.0509819 -1.41215 -0.283344 0.154929 0.946421 0.712633
0.859966 -0.420089 0.289798 -0.673324 0.446926 0.894061 -0.030214 -1.35523 -0.246405 0.155501 0.956611 0.736635
0.812748 -0.522128 0.258503 -0.643507 0.547449 0.836219 -0.0322055 -1.26322 -0.199349 0.167692 0.965474 0.748748
0.784359 -0.566845 0.251928 -0.610539 0.570353 0.818714 0.0663746 -1.21876 -0.243881 0.0916262 0.965467 0.774139
0.813489 -0.526018 0.248073 -0.605267 0.536181 0.843555 0.0304265 -1.17493 -0.225268 0.10826 0.968263 0.776753
0.840631 -0.51198 0.176678 -0.508102 0.51453 0.856772 0.0346392 -1.09132 -0.169108 0.0617875 0.983659 0.619502
0.883997 -0.431455 0.179988 -0.47668 0.435841 0.899872 0.0165126 -1.10616 -0.16909 0.0638489 0.98353 0.622752
0.865123 -0.476858 0.15546 -0.577859 0.491101 0.868332 -0.069418 -1.2059 -0.101888 0.136402 0.9854 0.746044
0.873284 -0.480688 0.0794639 -0.695057 0.481263 0.87648 0.0130036 -1.22506 -0.0758992 0.0268873 0.996753 0.802994
0.897546 -0.429387 0.100187 -0.848912 0.432299 0.901692 -0.00832083 -1.28327 -0.0867647 0.050779 0.994934 0.936879
0.928038 -0.356922 0.106545 -0.842796 0.358653 0.933466 0.00311055 -1.33197 -0.100567 0.035326 0.994303 0.795769
0.925887 -0.344316 0.155496 -0.763808 0.342603 0.938689 0.0385469 -1.34696 -0.159235 0.0175835 0.987084 0.659318
0.934389 -0.327335 0.140605 -0.771567 0.331901 0.943265 -0.00967712 -1.33511 -0.12946 0.0557091 0.990018 0.690944
0.880456 -0.449263 0.151526 -0.792618 0.456434 0.88964 -0.0144411 -1.33963 -0.128316 0.0818764 0.988348 0.707311
0.846067 -0.510227 0.154398 -0.786578 0.512454 0.858256 0.0280753 -1.28366 -0.146838 0.0553685 0.98761 0.784727
0.887202 -0.425552 0.178265 -0.834903 0.436425 0.899393 -0.0250137 -1.31059 -0.149685 0.0999914 0.983665 0.84415
0.837209 -0.523641 0.157736 -0.87537 0.527585 0.849286 0.0191563 -1.36401 -0.143994 0.0671815 0.987295 0.781318
0.782384 -0.610141 0.124917 -0.761197 0.607739 0.791791 0.0609901 -1.1789 -0.136121 0.0281993 0.990291 0.741796
0.79414 -0.600266 0.0949849 -0.692337 0.592919 0.799559 0.0956691 -1.05182 -0.133373 -0.0196563 0.990871 0.666277
0.814049 -0.577775 0.0591564 -0.468798 0.580565 0.812365 -0.054842 -0.952307 -0.0163703 0.0789882 0.996741 0.840985
0.807321 -0.58938 0.029389 -0.113129 0.58991 0.804736 -0.0663859 -0.670148 0.0154762 0.0709316 0.997361 1.24484
0.784721 -0.616455 -0.0647787 -0.186324 0.605496 0.784712 -0.132675 -1.03602 0.132621 0.0648897 0.98904 1.45953
0.706376 -0.704983 -0.0635042 -0.287726 0.689327 0.705513 -0.164559 -1.24431 0.160814 0.0724654 0.984321 1.6042
0.601075 -0.797626 -0.0500077 -0.36325 0.79204 0.602881 -0.0959503 -1.26689 0.106681 0.0180653 0.994129 1.65498
0.593899 -0.802677 -0.0547144 -0.238988 0.795724 0.596071 -0.107341 -0.987689 0.118774 0.0202124 0.992716 1.88439
0.544672 -0.83854 -0.0135116 -0.221952 0.838146 0.544833 -0.0258668 -1.02186 0.0290519 0.00276424 0.999574 2.00055
0.439909 -0.897975 -0.0109662 -0.148194 0.897694 0.439366 0.0332178 -1.14309 -0.0250106 -0.0244571 0.999388 2.06148
0.374537 -0.92469 -0.0683368 -0.0865028 0.923815 0.378453 -0.0577921 -1.06155 0.0793021 -0.0414853 0.995987 2.07131
0.382801 -0.922467 -0.0501732 0.198989 0.913875 0.386069 -0.125633 -0.686336 0.135263 0.00224064 0.990807 2.21128
0.399711 -0.915616 -0.0433412 0.346273 0.910697 0.402051 -0.0947926 -0.29262 0.104219 -0.00158108 0.994553 2.2706
0.417181 -0.907822 -0.0426581 0.614914 0.904555 0.419308 -0.0772062 0.110074 0.0879764 -0.00637757 0.996102 2.37448
0.456355 -0.889513 -0.0225128 0.744829 0.886525 0.456699 -0.0741597 0.580308 0.0762476 0.013885 0.996992 2.47817
0.408987 -0.912296 -0.0211338 0.916955 0.9125 0.408642 0.0188563 0.964033 -0.0085664 -0.0269966 0.999599 2.56055
0.481157 -0.876631 0.00224177 1.10172 0.876615 0.481162 0.00541829 1.45263 -0.0058285 -0.000641885 0.999983 2.6333
0.471345 -0.881587 -0.0252665 1.31335 0.881204 0.469576 0.0545724 1.89353 -0.0362458 -0.0479874 0.99819 2.75596
0.550596 -0.83433 0.0271652 1.42581 0.83167 0.551062 0.0682263 2.18863 -0.071893 -0.0149726 0.9973 2.80441
0.612553 -0.789479 0.0387615 1.67541 0.787753 0.613776 0.0522004 2.48729 -0.065002 -0.00144097 0.997884 2.85581
0.700239 -0.709529 0.0789518 1.82255 0.709413 0.703953 0.0344 2.66033 -0.0799862 0.0319212 0.996285 2.87727
0.786607 -0.612008 0.081833 2.05762 0.614715 0.788679 -0.010523 2.80966 -0.0580998 0.0585814 0.996591 3.01929
0.869667 -0.482567 0.103961 2.22794 0.490508 0.86845 -0.0720848 2.93857 -0.0554996 0.113684 0.991966 3.08315
0.924209 -0.363241 0.117872 2.32483 0.376121 0.919244 -0.11629 3.02097 -0.0661117 0.151811 0.986196 3.109
0.972923 -0.207666 0.101473 2.61407 0.220184 0.966257 -0.133664 2.93943 -0.0702914 0.152387 0.985818 3.13176
0.996129 -0.01879 0.0858773 2.80605 0.0348468 0.981262 -0.189503 2.97695 -0.0807073 0.191761 0.978118 3.17631
0.989215 0.124347 0.0773999 3.00356 -0.104803 0.970073 -0.219031 2.96902 -0.102319 0.208557 0.972643 3.19594
0.972266 0.228318 0.0506972 3.27265 -0.212187 0.952285 -0.219384 2.76898 -0.0983675 0.202542 0.974321 3.20917
0.941363 0.334616 0.0432173 3.54127 -0.313975 0.915692 -0.250855 2.77897 -0.123514 0.222576 0.96706 3.25718
0.933799 0.34989 0.07481 3.95314 -0.321261 0.911957 -0.255196 2.51288 -0.157514 0.214268 0.963991 3.27971
0.909273 0.411483 0.0624911 4.42748 -0.379513 0.88136 -0.281378 2.34661 -0.17086 0.232133 0.95756 3.29875
0.89221 0.448149 0.0558923 4.89777 -0.416915 0.864892 -0.279542 2.10918 -0.173617 0.226108 0.958505 3.37537
0.910711 0.403486 0.0883434 5.3553 -0.369117 0.891007 -0.264309 1.8683 -0.18536 0.2081 0.960383 3.4297
0.889828 0.451054 0.0689623 5.74516 -0.412608 0.859923 -0.300477 1.68849 -0.194834 0.238918 0.951293 3.45817
0.896521 0.433802 0.0898082 6.14939 -0.397721 0.87746 -0.268107 1.48495 -0.195108 0.204645 0.959194 3.47015
0.863732 0.499109 0.0696951 6.60066 -0.452147 0.828571 -0.330202 1.28241 -0.222554 0.253694 0.941334 3.55613
0.796358 0.603276 0.043259 6.87332 -0.55448 0.756769 -0.346198 0.943522 -0.24159 0.251712 0.937164 3.55544
0.728296 0.683957 0.0422934 6.85263 -0.628247 0.691074 -0.357384 0.634137 -0.273663 0.233711 0.932999 3.48887
0.62392 0.78141 0.0110598 6.80955 -0.718352 0.579029 -0.385612 0.466952 -0.307725 0.232646 0.922595 3.46255
0.51932 0.85384 -0.035556 6.77216 -0.786275 0.461099 -0.41129 0.291451 -0.334781 0.241548 0.910811 3.44358
0.446314 0.892628 -0.0633903 6.62742 -0.837851 0.39194 -0.379986 -0.00599657 -0.314341 0.222705 0.922818 3.4021
0.346538 0.933785 -0.0891987 6.5475 -0.871843 0.285538 -0.397941 -0.292227 -0.346122 0.215669 0.913064 3.32873
0.305467 0.945776 -0.110441 6.40328 -0.891387 0.243241 -0.382444 -0.742668 -0.334843 0.21527 0.917354 3.24126
0.204957 0.968611 -0.140663 6.28424 -0.914464 0.13827 -0.380312 -1.03605 -0.348925 0.206579 0.914099 3.18299
0.163167 0.97764 -0.132655 6.14584 -0.91423 0.0992795 -0.392845 -1.57118 -0.370891 0.185376 0.909987 3.05282
0.149403 0.976974 -0.15232 6.06751 -0.901807 0.0714606 -0.42619 -2.06719 -0.405492 0.201037 0.891718 3.00293
0.134567 0.980625 -0.142362 5.93203 -0.904346 0.0628133 -0.422153 -2.54605 -0.405032 0.185552 0.895276 2.89879
0.208324 0.970437 -0.121875 5.78104 -0.892101 0.137452 -0.430422 -3.02784 -0.400945 0.198392 0.894362 2.81129
0.172833 0.976403 -0.129481 5.52826 -0.89311 0.0999264 -0.438599 -3.44092 -0.415311 0.191445 0.889306 2.72381
0.04756 0.98745 -0.150598 5.23307 -0.893128 -0.0254732 -0.449081 -3.67202 -0.447281 0.155861 0.880708 2.62942
-0.0392909 0.979697 -0.196598 4.91339 -0.876243 -0.128346 -0.464462 -3.977 -0.480264 0.154018 0.863496 2.51262
-0.144644 0.958933 -0.243979 4.63506 -0.850526 -0.246497 -0.464591 -4.10255 -0.505652 0.140311 0.851252 2.44951
-0.214138 0.930001 -0.298737 4.40528 -0.817606 -0.337991 -0.466135 -4.39596 -0.534477 0.144432 0.832751 2.3907
-0.281415 0.907276 -0.3125 4.0311 -0.775816 -0.406773 -0.482332 -4.7134 -0.564725 0.106706 0.818352 2.26916
-0.293139 0.897941 -0.328285 3.61096 -0.744337 -0.429842 -0.511076 -4.88643 -0.600027 0.0945385 0.794374 2.16574
-0.377576 0.846364 -0.375639 3.43454 -0.674043 -0.529364 -0.515209 -4.95536 -0.634904 0.0586665 0.770361 2.11809
-0.426555 0.814962 -0.392285 2.94217 -0.625252 -0.579092 -0.523175 -5.07235 -0.653537 0.0221136 0.756571 2.01958
-0.462108 0.769189 -0.441367 2.59841 -0.596634 -0.637873 -0.486976 -5.26859 -0.656113 0.0382996 0.75369 1.93288
-0.535522 0.698976 -0.473971 2.16335 -0.536814 -0.714996 -0.447896 -5.41201 -0.651956 0.0145763 0.758116 1.82005
-0.581453 0.654398 -0.4834 1.68467 -0.496047 -0.756104 -0.426901 -5.5635 -0.644864 -0.00843392 0.764251 1.72833
-0.623298 0.595257 -0.507119 1.25264 -0.463147 -0.803533 -0.373937 -5.80777 -0.630075 0.00179678 0.776532 1.6272
-0.680878 0.511315 -0.524369 0.962897 -0.377132 -0.858516 -0.347449 -5.9611 -0.627835 -0.0388138 0.777378 1.54815
-0.711374 0.436682 -0.550687 0.524642 -0.310369 -0.898195 -0.311315 -5.95891 -0.63057 -0.0505452 0.774485 1.48032
-0.742997 0.322525 -0.586458 0.423535 -0.206231 -0.943923 -0.257835 -5.88396 -0.63673 -0.0706251 0.767846 1.4793
-0.764564 0.197403 -0.613575 0.29118 -0.110549 -0.978001 -0.176896 -5.89061 -0.634997 -0.0674182 0.769568 1.48699
-0.78876 0.0650456 -0.61125 0.098285 0.0137532 -0.992269 -0.123339 -5.77951 -0.614548 -0.105691 0.781768 1.42121
-0.786656 -0.0745076 -0.612879 0.00823678 0.147125 -0.986716 -0.0688861 -5.68883 -0.599605 -0.144359 0.787168 1.40507
-0.767395 -0.222315 -0.601399 -0.0563451 0.260056 -0.96527 0.0249899 -5.63821 -0.586068 -0.13722 0.798558 1.41473
-0.744912 -0.362349 -0.560186 -0.217592 0.366978 -0.923759 0.109529 -5.56679 -0.557165 -0.123987 0.821093 1.39651
-0.679658 -0.476181 -0.557958 -0.322253 0.472276 -0.866086 0.16386 -5.49026 -0.561267 -0.152141 0.813531 1.3621
-0.634844 -0.568775 -0.522942 -0.429799 0.564764 -0.803485 0.188291 -5.38206 -0.527271 -0.175804 0.831311 1.34949
-0.554768 -0.680318 -0.478956 -0.596991 0.653607 -0.712558 0.255067 -5.24938 -0.514811 -0.171546 0.839965 1.35437
-0.444897 -0.790886 -0.420197 -0.681069 0.739065 -0.589218 0.326505 -5.2226 -0.505816 -0.165292 0.846658 1.37511
-0.335907 -0.87093 -0.358675 -0.706695 0.806816 -0.462549 0.367554 -5.14313 -0.486018 -0.165921 0.858054 1.37179
-0.253512 -0.916871 -0.308348 -0.744437 0.852396 -0.36244 0.376905 -5.06792 -0.457331 -0.167285 0.873421 1.38443
-0.11322 -0.963322 -0.243294 -0.748355 0.889343 -0.207437 0.407478 -4.99123 -0.443001 -0.170237 0.88021 1.39226
0.00785098 -0.986678 -0.162493 -0.716642 0.90567 -0.0618706 0.419445 -4.90315 -0.423911 -0.150458 0.893119 1.41054
0.126669 -0.987684 -0.0918473 -0.794281 0.903035 0.0765045 0.4227 -4.79032 -0.410467 -0.136484 0.901604 1.40212
0.199831 -0.978265 -0.0553704 -0.816406 0.904276 0.162367 0.39487 -4.59423 -0.377297 -0.128977 0.917067 1.40596
0.258173 -0.965983 -0.0149576 -0.864345 0.891033 0.232101 0.390115 -4.44489 -0.373373 -0.114045 0.920645 1.43011
0.173273 -0.981049 -0.0867168 -0.842178 0.914767 0.127689 0.383271 -4.36944 -0.364934 -0.145736 0.919556 1.44016
0.0581156 -0.982537 -0.17676 -0.837148 0.93966 -0.00595716 0.342058 -4.23156 -0.337138 -0.185973 0.922904 1.49845
-0.0215631 -0.965665 -0.258894 -0.800643 0.939093 -0.108402 0.326119 -4.14155 -0.342986 -0.236094 0.909187 1.49041
-0.18744 -0.914259 -0.359162 -0.824826 0.901927 -0.305026 0.305757 -4.04389 -0.389095 -0.266627 0.881768 1.45827
-0.456948 -0.753041 -0.473421 -0.981952 0.783498 -0.592723 0.186572 -4.04218 -0.421104 -0.285671 0.860851 1.43169
-0.544745 -0.666543 -0.508894 -1.03573 0.707611 -0.691011 0.147617 -4.05184 -0.450045 -0.279685 0.848078 1.43318
-0.729419 -0.372661 -0.573648 -1.09249 0.444196 -0.895766 0.0171046 -4.06842 -0.520229 -0.242336 0.818923 1.40285
-0.781917 -0.191585 -0.593213 -1.10859 0.276246 -0.959556 -0.0542216 -4.07435 -0.558833 -0.20627 0.803218 1.3784
-0.800712 0.0391379 -0.597769 -1.16409 0.0592976 -0.987785 -0.144103 -4.08731 -0.596107 -0.150831 0.78861 1.34682
-0.76602 0.195448 -0.612383 -1.1495 -0.0901397 -0.975903 -0.198714 -4.07353 -0.636465 -0.0970193 0.76518 1.27501
-0.719454 0.344558 -0.603047 -1.06235 -0.230388 -0.937501 -0.260792 -4.03021 -0.655216 -0.0486928 0.753871 1.10634
-0.702382 0.445022 -0.555532 -0.976656 -0.34978 -0.895519 -0.275135 -3.92145 -0.61993 0.0010645 0.784656 0.981321
-0.682034 0.50448 -0.529462 -0.936432 -0.428791 -0.862334 -0.269293 -3.83689 -0.592426 0.0433617 0.804457 0.79465
-0.61003 0.571392 -0.548977 -1.05388 -0.455275 -0.819796 -0.347361 -3.94915 -0.648528 0.0380346 0.76024 0.684909
-0.562626 0.599977 -0.568753 -1.08782 -0.415809 -0.799988 -0.432576 -3.99065 -0.714531 -0.0068861 0.69957 0.608523
-0.537549 0.60743 -0.584868 -1.01008 -0.362117 -0.79268 -0.490439 -3.94573 -0.76152 -0.0518439 0.646065 0.556544
-0.555262 0.623252 -0.550673 -1.01116 -0.334747 -0.773607 -0.538031 -4.04491 -0.761333 -0.114412 0.638186 0.584741
-0.52491 0.628004 -0.574526 -0.989028 -0.339895 -0.773496 -0.534953 -4.0291 -0.780347 -0.0855236 0.619471 0.5902
