1763127100.6393178
1763127107.9665437
1763127114.2467816
1763127120.8389196
1763127127.84516
1763127134.3383262
1763127139.7392409
1763127146.0474422
1763127151.7466171
1763127157.3462002
1763127162.8451993
1763127168.1361547
1763127173.6557531
1763127177.5605817
1763127178.7490363
1763127179.1964545
1763127179.7441537
1763127180.1198611
1763127180.5473337
1763127180.8477137
1763127181.247931
1763127181.4766963
1763127181.6470675
1763127181.7468536
1763127181.946404
1763127182.0463493
1763127182.2467699
1763127182.5457933
1763127182.8409631
1763127183.0287259
1763127183.6400106
1763127184.2126598
1763127184.538862
1763127185.2782261
1763127185.8474641
1763127186.2470937
1763127186.6460075
1763127186.9365258
1763127187.2451184
1763127187.5325098
1763127187.7245338
1763127188.1531024
1763127188.5467525
1763127188.8552163
1763127189.0292413
1763127189.1454294
1763127189.416997
1763127190.0727463
1763127190.8325932
1763127191.2375379
1763127191.5364077
1763127191.8457646
1763127192.0440438
1763127192.436698
1763127192.6252098
1763127192.9915972
1763127193.2481084
1763127193.4285183
1763127193.829824
1763127194.1466753
1763127194.5173097
1763127194.9286082
1763127195.2469599
1763127195.529696
1763127195.8471572
1763127196.3474097
1763127196.5921838
1763127196.8625093
1763127197.0942614
1763127197.5447085
1763127198.0281692
1763127198.4271796
1763127198.8207784
1763127199.1280575
1763127199.5414436
1763127199.6528513
1763127199.8394916
1763127199.9472501
1763127200.1939118
1763127200.6457186
1763127201.1381452
1763127201.73664
1763127202.2736304
1763127202.7136703
1763127203.3437221
1763127204.0278704
1763127204.2180917
1763127204.8267128
1763127205.3721099
1763127206.2277186
1763127206.829571
1763127207.328177
1763127207.782768
1763127208.1267872
1763127208.8498108
1763127209.256314
1763127210.0299616
1763127211.347492
1763127212.6461236
1763127214.0478592
1763127215.3496296
1763127215.6387074
1763127216.1480403
1763127216.3556614
1763127216.8360581
1763127217.5449317
1763127217.9912279
1763127218.6453097
1763127218.9460235
1763127219.628571
1763127220.0611498
1763127220.90978
1763127221.6436994
1763127222.1352029
1763127222.4301968
1763127222.7266064
1763127223.1359754
1763127223.6451092
1763127224.0255158
1763127224.8449473
1763127225.5452971
1763127225.9438059
1763127226.4495032
1763127226.952374
1763127227.5276463
1763127228.0526676
1763127228.3261611
1763127228.5365427
1763127228.7430201
1763127228.9446554
1763127229.054785
1763127229.2275698
1763127229.3791811
1763127229.5532186
1763127229.6260273
1763127229.8268218
1763127229.9587193
1763127230.057761
1763127230.157625
1763127230.3422916
1763127230.5459154
1763127230.6459789
1763127230.7371283
1763127230.8533721
1763127230.9364188
1763127231.0448077
1763127231.1461432
1763127231.2457821
1763127231.3465092
1763127231.443465
1763127231.5433838
1763127231.6434696
1763127231.7211001
1763127231.8113966
1763127231.9016504
1763127231.9913208
1763127232.0818782
1763127232.2428374
1763127232.3433151
1763127232.4505155
1763127232.5226247
1763127232.6521859
1763127232.7430601
1763127232.8410308
1763127232.8877256
1763127233.0431564
1763127233.1435149
1763127233.2467961
1763127233.3422925
1763127233.4417524
1763127233.5443125
1763127233.6364987
1763127233.746002
1763127233.8279378
1763127233.8622136
1763127234.0179787
1763127234.0552759
1763127234.2247245
1763127234.2535727
1763127234.4272075
1763127234.5532494
1763127234.6268635
1763127234.7456033
1763127234.8451934
1763127234.9364071
1763127234.971163
1763127235.1364021
1763127235.1730824
1763127235.3456426
1763127235.4457366
1763127235.5438943
1763127235.7364061
1763127235.8474863
1763127235.9464252
1763127236.037904
1763127236.1471167
1763127236.2368035
1763127236.3372424
1763127236.4382646
1763127236.5387049
1763127236.6387513
1763127236.7292597
1763127236.8276243
1763127236.9459987
1763127237.0295658
1763127237.1465137
1763127237.2381074
1763127237.3456752
1763127237.4364502
1763127237.5361242
1763127237.6472845
1763127237.7207654
1763127237.8205419
1763127237.9026349
1763127238.045095
1763127238.0861084
1763127238.1786697
1763127238.2626798
1763127238.3547339
1763127238.5368283
1763127238.6457257
1763127238.7441864
1763127238.806284
1763127238.94683
1763127239.0470507
1763127239.1387777
1763127239.2468441
1763127239.3380067
1763127239.4488132
1763127239.5374012
1763127239.6469388
1763127239.7383783
1763127239.847414
1763127239.947444
1763127240.038821
1763127240.0693574
1763127240.2478981
1763127240.2567656
1763127240.4471257
1763127240.5469275
1763127240.6470289
1763127240.7382097
1763127240.8472669
1763127240.9473493
1763127240.9950583
1763127241.1472642
1763127241.238122
1763127241.346561
1763127241.4462826
1763127241.5459609
1763127241.555388
1763127241.7458236
1763127241.7551322
1763127241.9456563
1763127241.954824
1763127242.1372728
1763127242.1627972
1763127242.2633414
1763127242.3616631
1763127242.5261648
1763127242.6516371
1763127242.7342901
1763127242.8023415
1763127242.8832171
1763127243.0436242
1763127243.1359875
1763127243.2355356
1763127243.3436928
1763127243.4426212
1763127243.507
1763127243.6352329
1763127243.7528734
1763127243.8280537
1763127243.8535271
1763127244.0250127
1763127244.0618792
1763127244.2151327
1763127244.2696862
1763127244.4191322
1763127244.4627366
1763127244.6175175
1763127244.6698964
1763127244.8497481
1763127244.9623964
1763127245.1372871
1763127245.1629541
1763127245.3511579
1763127245.452719
1763127245.5429578
1763127245.6436341
1763127245.7445123
1763127245.8042791
1763127245.9411783
1763127246.0441206
1763127246.1444764
1763127246.2444057
1763127246.3453262
1763127246.4436805
1763127246.5437841
1763127246.6196043
1763127246.7526522
1763127246.8439837
1763127246.9355116
1763127247.0493143
1763127247.1419365
1763127247.2403662
1763127247.343477
1763127247.4424038
1763127247.5426865
1763127247.6194644
1763127247.7391152
